5428010618014166289
5428010618014207185
5428010618015210433
5428010618015211201
5428010618015215441
5428010618015223009
5428010618015229185
5428010618015232529
5428010618015239217
5428010618015245873
5428010618015250289
5428010618015252785
5428010618015255873
5428010618015261025
5428010618015262785
5428010618015282097
5428010618015290817
5428010618015301473
5428010618015303217
5428010618015310945
5428010618015312289
5428010618034983153
5428010618035004561
5428010618035015393
5428010618035037601
5428010618035486753
5428010618035489857
5428010618035734465
5428010618035759265
5428010618036224577
5428010618036269089
5428010618037221521
5428010618037269425
5428010618038207793
5428010618038210865
5428010618038682321
5428010618038697281
5428010618039116417
5428010618039127729
5428010618039163953
5428010618039608609
5428010618040698417
5428010618040726801
5428010618041086817
5428010618041103489
5428010618041108817
5428010618041338977
5428010618041391793
5428010618042257329
5428010618043040417
5428010618043054897
5428010618043070449
5428010618043129777
5428010618043506641
5428010618043558497
5428010618043998673
5428010917232099857
5428010917248687217
5428010917251316609
5428010917253357777
5428010917253452017
5428010917261339233
5428010917263932737
5428010917263959905
5428010917264559281
5428010917264594657
5428010917265283137
5428010917265291889
5428010917270123505
5428010917272593057
5428010917272959729
5428011263286892417
5428011263289578433
5428011263295173617
5428011263295205937
5428011263296744801
5428011263296897105
5428011263306416385
5428011263311005393
5428011263312149937
5428011263314662289
5428011263364481521
5428011263364482785
5428011263364527377
5428011263372655313
5428011263400048065
5428011263433396337
5428011263442500993
5428011263443989521
5428013610369206641
5428013610399274913
5428013610399349217
5428013610399365121
5428016459734694193
5428016813489795665
5428016813489795809
5428017900387036081
5428017900387304161
5428018587875887441
5428018587890729377
5428019223832777937
5428019223832817873
5428019223847843489
5428019223851164209
5428021124280815393
5428021124295235585
5428021759062605025
5428021759063042833
5428021759075879905
5428021759076518161
5428026242698453505
5428028648519647873
5428029729513187825
5428029729515045905
5428035526966732561
5428035526968555777
5428037660453575137
5428041429967379409
5428041429981637617
5428041429989164497
5428047126270936433
5428047126281373313
5428052273451318641
5428055175457993281
5428057349741638401
5428057349741663873
5428059164951857985
5428059164951900129
5428059527819242625
5428061686735256993
5428066778512634929
5428066778513177457
5428072203496423713
5428076919559155601
5428077645848952177
5428077646471709377
5428087443914520385
5428087443914599121
5428089605915468161
5428089614652774689
5428092145992548273
5428095401444948721
5428102290011281425
5428105192778745713
5428109895926182881
5428109895926255985
5428117512196220721
5428117870065144193
5428123302638270897
5428123302643733345
5428130184555353793
5428130184564527201
5428130184568648241
5428139972579220929
5428139972581974865
5428143608886361393
5428153774076594273
5428161003960430913
5428168624798529425
5428173716356155217
5428176321549373361
5428180936965382689
5428186718632099697
5428191068390344897
5428197983261046129
5428200837430633745
5428200837442325553
5428204126948096353
5428213558401357905
5428213558401645937
5428213558404424385
5428222237686060465
5428224050368072641
5428224050370400529
5428226580942559425
5428232026849008865
5428236353140774497
5428251586580996337
5428251586582438097
5428267896531020737
5428280608552400625
5428345446425740337
5428381682172839889
5428414677268039313
5428470620835375297
5428482803991310609
5428510351673781697
5428510351685706129
5428516132166596273
5428523741997496129
5428523742013570817
5428569415124110561
5428602376718605841
5428614696949634065
5428627743569524369
5428655647099457681
5428673058330246641
5428673058331728225
5428680768950111057
5428680768964576881
5428690458390177345
5428690458392164001
5428701457925038689
5428703501286051121
5428703501298664353
5428719073746716721
5428721773501831313
5428723415048260945
5428723415048282865
5428779225265795505
5428779225265836273
5428779225265838001
5428802796004862945
5428845181506412497
5428861139968865745
5428861139968896001
5428861139969171569
5428861140000153873
5428861140027563825
5428861140046728369
5428863393476936673
5428864149608586913
5428868189713077505
5428868189744874961
5428870188976458625
5428870188976930641
5428870188979291153
5428870188979453649
5428883591442287953
5428897119220151441
5428926375521719713
5428926375529073249
5428936604143169201
5428936604143501985
5428936604144524033
5428946736523809873
5428946736540459841
5428957217466516513
5428962001650257121
5428962001683050449
5428977504166380449
5428977504250637601
5428982538626140465
5428985062301501825
5428985062301959617
5428990295169070865
5428990295169074577
5428990295179683761
5428990295204369489
5428990295204445409
5428998138675075953
5428998138849938129
5429018053084356225
5429018053084404497
5429018053106246577
5429026007671900337
5429033621877969393
5429058275819856625
5429078932902226913
5429088717270851505
5429094154939027889
5429104310769964977
5429109374114506609
5429116967871638817
5429116967921395521
5429127121795040625
5429150307165060561
5429150307188346897
5429150307197225377
5429160091885001473
5429162266264937249
5429162266266944513
